3 10.000000 10.182936 40 1 300500 40 1
4 10.000000 10.239832 1050 1 300500 1090 1
7 10.372888 10.610595 1050 1 300500 2140 1
8 10.372888 10.666595 1050 1 300500 3190 1
9 10.429883 10.722595 1050 1 300500 4240 1
10 10.429883 10.778595 1050 1 300500 5290 1
15 10.800673 11.038380 1050 1 300500 6340 1
16 10.800673 11.094380 1050 1 300500 7390 1
17 10.856637 11.150380 1050 1 300500 8440 1
18 10.856637 11.206380 1050 1 300500 9490 1
19 10.912538 11.262380 1050 1 300500 10540 1
20 10.912538 11.318380 1050 1 300500 11590 1
21 10.968565 11.374380 1050 1 300500 12640 1
22 10.968565 11.430380 1050 1 300500 13690 1
27 11.228386 11.486380 1050 1 300500 14740 1
28 11.228386 11.542380 1050 1 300500 15790 1
30 11.284386 11.598380 1050 1 300500 16840 1
31 11.284386 11.654380 1050 1 300500 17890 1
33 11.340395 11.710380 1050 1 300500 18940 1
34 11.340395 11.766380 1050 1 300500 19990 1
36 11.396413 11.822380 1050 1 300500 21040 1
37 11.396413 11.878380 1050 1 300500 22090 1
39 11.452422 11.934380 1050 1 300500 23140 1
40 11.452422 11.990380 1050 1 300500 24190 1
42 11.508350 12.046380 1050 1 300500 25240 1
43 11.508350 12.102380 1050 1 300500 26290 1
45 11.564404 12.158380 1050 1 300500 27340 1
46 11.564404 12.214380 1050 1 300500 28390 1
48 11.620323 12.270380 1050 1 300500 29440 1
49 11.620323 12.326380 1050 1 300500 30490 1
51 11.676368 12.382380 1050 1 300500 31540 1
52 11.676368 12.438380 1050 1 300500 32590 1
54 11.732386 12.494380 1050 1 300500 33640 1
55 11.732386 12.550380 1050 1 300500 34690 1
57 11.788323 12.606380 1050 1 300500 35740 1
58 11.788323 12.662380 1050 1 300500 36790 1
60 11.844386 12.718380 1050 1 300500 37840 1
61 11.844386 12.774380 1050 1 300500 38890 1
63 11.900350 12.830380 1050 1 300500 39940 1
65 11.956323 12.886380 1050 1 300500 40990 1
67 12.012332 12.942380 1050 1 300500 42040 1
69 12.068377 12.998380 1050 1 300500 43090 1
71 12.124458 13.054380 1050 1 300500 44140 1
73 12.180341 13.110380 1050 1 300500 45190 1
75 12.236323 13.166380 1050 1 300500 46240 1
77 12.292413 13.222380 1050 1 300500 47290 1
80 12.348422 13.278380 1050 1 300500 48340 1
82 12.404323 13.334380 1050 1 300500 49390 1
84 12.460413 13.390380 1050 1 300500 50440 1
86 12.516431 13.446380 1050 1 300500 51490 1
88 12.572323 13.502380 1050 1 300500 52540 1
90 12.628386 13.558380 1050 1 300500 53590 1
93 12.684386 13.614380 1050 1 300500 54640 1
95 12.740422 13.670380 1050 1 300500 55690 1
98 12.796377 13.726380 1050 1 300500 56740 1
100 12.852458 13.782380 1050 1 300500 57790 1
102 12.908431 13.838380 1050 1 300500 58840 1
104 12.964377 13.894380 1050 1 300500 59890 1
106 13.020440 13.950380 1050 1 300500 60940 1
108 13.076323 14.006380 1050 1 300500 61990 1
110 13.132368 14.062380 1050 1 300500 63040 1
112 13.188458 14.118380 1050 1 300500 64090 1
114 13.244440 14.174380 1050 1 300500 65140 1
117 13.300332 14.230380 1050 1 300500 66190 1
119 13.356413 14.286380 1050 1 300500 67240 1
121 13.412413 14.342380 1050 1 300500 68290 1
123 13.468359 14.398380 1050 1 300500 69340 1
126 13.524377 14.454380 1050 1 300500 70390 1
128 13.580332 14.510380 1050 1 300500 71440 1
131 13.636368 14.566380 1050 1 300500 72490 1
133 13.692368 14.622380 1050 1 300500 73540 1
135 13.748395 14.678380 1050 1 300500 74590 1
138 13.804377 14.734380 1050 1 300500 75640 1
140 13.860422 14.790380 1050 1 300500 76690 1
142 13.916350 14.846380 1050 1 300500 77740 1
144 13.972431 14.902380 1050 1 300500 78790 1
146 14.028458 14.958380 1050 1 300500 79840 1
148 14.084449 15.014380 1050 1 300500 80890 1
150 14.140323 15.070380 1050 1 300500 81940 1
152 14.196332 15.126380 1050 1 300500 82990 1
154 14.252449 15.182380 1050 1 300500 84040 1
156 14.308458 15.238380 1050 1 300500 85090 1
158 14.364458 15.294380 1050 1 300500 86140 1
160 14.420332 15.350380 1050 1 300500 87190 1
162 14.476359 15.406380 1050 1 300500 88240 1
165 14.532431 15.462380 1050 1 300500 89290 1
167 14.588368 15.518380 1050 1 300500 90340 1
169 14.644386 15.574380 1050 1 300500 91390 1
171 14.700431 15.630380 1050 1 300500 92440 1
173 14.756395 15.686380 1050 1 300500 93490 1
175 14.812323 15.742380 1050 1 300500 94540 1
177 14.868368 15.798380 1050 1 300500 95590 1
179 14.924395 15.854380 1050 1 300500 96640 1
181 14.980449 15.910380 1050 1 300500 97690 1
183 15.036440 15.966380 1050 1 300500 98740 1
185 15.092431 16.022380 1050 1 300500 99790 1
187 15.148341 16.078380 1050 1 300500 100840 1
189 15.204368 16.134380 1050 1 300500 101890 1
191 15.260413 16.190380 1050 1 300500 102940 1
193 15.316341 16.246380 1050 1 300500 103990 1
195 15.372440 16.302380 1050 1 300500 105040 1
197 15.428341 16.358380 1050 1 300500 106090 1
199 15.484431 16.414380 1050 1 300500 107140 1
201 15.540386 16.470380 1050 1 300500 108190 1
203 15.596359 16.526380 1050 1 300500 109240 1
205 15.652350 16.582380 1050 1 300500 110290 1
207 15.708404 16.638380 1050 1 300500 111340 1
209 15.764431 16.694380 1050 1 300500 112390 1
211 15.820413 16.750380 1050 1 300500 113440 1
213 15.876359 16.806380 1050 1 300500 114490 1
215 15.932323 16.862380 1050 1 300500 115540 1
217 15.988359 16.918380 1050 1 300500 116590 1
219 16.044368 16.974380 1050 1 300500 117640 1
221 16.100323 17.030380 1050 1 300500 118690 1
223 16.156386 17.086380 1050 1 300500 119740 1
225 16.212341 17.142380 1050 1 300500 120790 1
227 16.268368 17.198380 1050 1 300500 121840 1
229 16.324449 17.254380 1050 1 300500 122890 1
231 16.380386 17.310380 1050 1 300500 123940 1
233 16.436332 17.366380 1050 1 300500 124990 1
235 16.492404 17.422380 1050 1 300500 126040 1
237 16.548422 17.478380 1050 1 300500 127090 1
239 16.604386 17.534380 1050 1 300500 128140 1
241 16.660341 17.590380 1050 1 300500 129190 1
243 16.716449 17.646380 1050 1 300500 130240 1
245 16.772386 17.702380 1050 1 300500 131290 1
247 16.828449 17.758380 1050 1 300500 132340 1
249 16.884413 17.814380 1050 1 300500 133390 1
251 16.940458 17.870380 1050 1 300500 134440 1
253 16.996431 17.926380 1050 1 300500 135490 1
255 17.052386 17.982380 1050 1 300500 136540 1
257 17.108449 18.038380 1050 1 300500 137590 1
259 17.164368 18.094380 1050 1 300500 138640 1
261 17.220440 18.150380 1050 1 300500 139690 1
263 17.276413 18.206380 1050 1 300500 140740 1
265 17.332341 18.262380 1050 1 300500 141790 1
267 17.388332 18.318380 1050 1 300500 142840 1
269 17.444350 18.374380 1050 1 300500 143890 1
271 17.500323 18.430380 1050 1 300500 144940 1
273 17.556422 18.486380 1050 1 300500 145990 1
275 17.612440 18.542380 1050 1 300500 147040 1
277 17.668449 18.598380 1050 1 300500 148090 1
279 17.724431 18.654380 1050 1 300500 149140 1
281 17.780440 18.710380 1050 1 300500 150190 1
283 17.836431 18.766380 1050 1 300500 151240 1
285 17.892449 18.822380 1050 1 300500 152290 1
287 17.948395 18.878380 1050 1 300500 153340 1
289 18.004359 18.934380 1050 1 300500 154390 1
291 18.060386 18.990380 1050 1 300500 155440 1
293 18.116431 19.046380 1050 1 300500 156490 1
295 18.172323 19.102380 1050 1 300500 157540 1
297 18.228458 19.158380 1050 1 300500 158590 1
299 18.284341 19.214380 1050 1 300500 159640 1
301 18.340341 19.270380 1050 1 300500 160690 1
303 18.396368 19.326380 1050 1 300500 161740 1
305 18.452404 19.382380 1050 1 300500 162790 1
307 18.508323 19.438380 1050 1 300500 163840 1
309 18.564386 19.494380 1050 1 300500 164890 1
311 18.620386 19.550380 1050 1 300500 165940 1
313 18.676440 19.606380 1050 1 300500 166990 1
315 18.732413 19.662380 1050 1 300500 168040 1
317 18.788413 19.718380 1050 1 300500 169090 1
319 18.844368 19.774380 1050 1 300500 170140 1
321 18.900368 19.830380 1050 1 300500 171190 1
323 18.956377 19.886380 1050 1 300500 172240 1
325 19.012458 19.942380 1050 1 300500 173290 1
327 19.068413 19.998380 1050 1 300500 174340 1
329 19.124359 20.054380 1050 1 300500 175390 1
331 19.180359 20.110380 1050 1 300500 176440 1
333 19.236404 20.166380 1050 1 300500 177490 1
335 19.292449 20.208380 1050 1 300500 178540 1
337 19.348440 20.250380 1050 1 300500 179590 1
339 19.404368 20.292380 1050 1 300500 180640 1
341 19.460323 20.334380 1050 1 300500 181690 1
343 19.516350 20.376380 1050 1 300500 182740 1
345 19.572368 20.418380 1050 1 300500 183790 1
347 19.628350 20.460380 1050 1 300500 184840 1
349 19.684431 20.502380 1050 1 300500 185890 1
351 19.740386 20.544380 1050 1 300500 186940 1
353 19.796431 20.586380 1050 1 300500 187990 1
355 19.852377 20.628380 1050 1 300500 189040 1
357 19.908377 20.670380 1050 1 300500 190090 1
359 19.964395 20.712380 1050 1 300500 191140 1
377 21.155483 21.378710 1050 1 300500 192190 1
378 21.155483 21.420710 1050 1 300500 193240 1
379 21.155483 21.462710 1050 1 300500 194290 1
380 21.155483 21.504710 1050 1 300500 195340 1
381 21.155483 21.546710 1050 1 300500 196390 1
382 21.155483 21.588710 1050 1 300500 197440 1
383 21.155483 21.630710 1050 1 300500 198490 1
384 21.155483 21.672710 1050 1 300500 199540 1
385 21.155483 21.714710 1050 1 300500 200590 1
386 21.155483 21.756710 1050 1 300500 201640 1
387 21.155483 21.798710 1050 1 300500 202690 1
388 21.155483 21.840710 1050 1 300500 203740 1
389 21.155483 21.882710 1050 1 300500 204790 1
390 21.155483 21.924710 1050 1 300500 205840 1
391 21.155483 21.966710 1050 1 300500 206890 1
392 21.155483 22.008710 1050 1 300500 207940 1
393 21.155483 22.050710 1050 1 300500 208990 1
394 21.155483 22.092710 1050 1 300500 210040 1
395 21.155483 22.134710 1050 1 300500 211090 1
396 21.155483 22.176710 1050 1 300500 212140 1
402 21.563849 22.218710 1050 1 300500 213190 1
404 21.605849 22.260710 1050 1 300500 214240 1
406 21.647894 22.302710 1050 1 300500 215290 1
408 21.689858 22.344710 1050 1 300500 216340 1
410 21.731939 22.386710 1050 1 300500 217390 1
412 21.773867 22.428710 1050 1 300500 218440 1
414 21.815840 22.470710 1050 1 300500 219490 1
416 21.857912 22.512710 1050 1 300500 220540 1
418 21.899921 22.554710 1050 1 300500 221590 1
420 21.941912 22.596710 1050 1 300500 222640 1
422 21.983813 22.638710 1050 1 300500 223690 1
424 22.025921 22.680710 1050 1 300500 224740 1
426 22.067822 22.722710 1050 1 300500 225790 1
428 22.109840 22.764710 1050 1 300500 226840 1
430 22.151858 22.806710 1050 1 300500 227890 1
432 22.193930 22.848710 1050 1 300500 228940 1
434 22.235912 22.890710 1050 1 300500 229990 1
436 22.277840 22.932710 1050 1 300500 231040 1
438 22.319921 22.974710 1050 1 300500 232090 1
440 22.361876 23.016710 1050 1 300500 233140 1
442 22.403894 23.058710 1050 1 300500 234190 1
444 22.445885 23.100710 1050 1 300500 235240 1
446 22.487849 23.142710 1050 1 300500 236290 1
448 22.529930 23.184710 1050 1 300500 237340 1
450 22.571813 23.226710 1050 1 300500 238390 1
452 22.613921 23.268710 1050 1 300500 239440 1
454 22.655867 23.310710 1050 1 300500 240490 1
456 22.697831 23.352710 1050 1 300500 241540 1
458 22.739894 23.394710 1050 1 300500 242590 1
460 22.781948 23.436710 1050 1 300500 243640 1
462 22.823903 23.478710 1050 1 300500 244690 1
464 22.865948 23.520710 1050 1 300500 245740 1
466 22.907930 23.562710 1050 1 300500 246790 1
468 22.949939 23.604710 1050 1 300500 247840 1
470 22.991912 23.646710 1050 1 300500 248890 1
472 23.033921 23.688710 1050 1 300500 249940 1
474 23.075903 23.730710 1050 1 300500 250990 1
476 23.117858 23.772710 1050 1 300500 252040 1
478 23.159813 23.814710 1050 1 300500 253090 1
480 23.201813 23.856710 1050 1 300500 254140 1
482 23.243903 23.898710 1050 1 300500 255190 1
484 23.285831 23.940710 1050 1 300500 256240 1
486 23.327930 23.982710 1050 1 300500 257290 1
488 23.369903 24.024710 1050 1 300500 258340 1
490 23.411876 24.066710 1050 1 300500 259390 1
492 23.453840 24.108710 1050 1 300500 260440 1
494 23.495894 24.150710 1050 1 300500 261490 1
496 23.537840 24.192710 1050 1 300500 262540 1
498 23.579894 24.234710 1050 1 300500 263590 1
500 23.621948 24.276710 1050 1 300500 264640 1
502 23.663921 24.318710 1050 1 300500 265690 1
504 23.705831 24.360710 1050 1 300500 266740 1
506 23.747921 24.402710 1050 1 300500 267790 1
508 23.789876 24.444710 1050 1 300500 268840 1
510 23.831858 24.486710 1050 1 300500 269890 1
512 23.873822 24.528710 1050 1 300500 270940 1
514 23.915867 24.570710 1050 1 300500 271990 1
516 23.957867 24.612710 1050 1 300500 273040 1
518 23.999840 24.654710 1050 1 300500 274090 1
520 24.041858 24.696710 1050 1 300500 275140 1
522 24.083849 24.738710 1050 1 300500 276190 1
524 24.125840 24.780710 1050 1 300500 277240 1
526 24.167876 24.822710 1050 1 300500 278290 1
528 24.209840 24.864710 1050 1 300500 279340 1
530 24.251903 24.906710 1050 1 300500 280390 1
532 24.293813 24.948710 1050 1 300500 281440 1
534 24.335849 24.990710 1050 1 300500 282490 1
536 24.377858 25.032710 1050 1 300500 283540 1
538 24.419912 25.074710 1050 1 300500 284590 1
540 24.461822 25.116710 1050 1 300500 285640 1
542 24.503894 25.158710 1050 1 300500 286690 1
544 24.545912 25.200710 1050 1 300500 287740 1
546 24.587921 25.242710 1050 1 300500 288790 1
548 24.629903 25.284710 1050 1 300500 289840 1
550 24.671867 25.326710 1050 1 300500 290890 1
552 24.713831 25.368710 1050 1 300500 291940 1
554 24.755921 25.410710 1050 1 300500 292990 1
556 24.797948 25.452710 1050 1 300500 294040 1
558 24.839939 25.494710 1050 1 300500 295090 1
560 24.881822 25.536710 1050 1 300500 296140 1
562 24.923894 25.578710 1050 1 300500 297190 1
564 24.965831 25.620710 1050 1 300500 298240 1
566 25.000000 25.621748 40 1 301600 40 2
567 25.000000 25.664310 1050 1 301600 1090 2
568 25.007894 25.706310 1050 1 300500 299290 1
570 25.049840 25.748310 1050 1 300500 300340 1
572 25.091948 25.790310 1050 1 300500 301390 1
574 25.133921 25.832310 1050 1 300500 302440 1
576 25.175939 25.874310 1050 1 300500 303490 1
578 25.217867 25.916310 1050 1 300500 304540 1
580 25.259948 25.958310 1050 1 300500 305590 1
582 25.301885 26.000310 1050 1 300500 306640 1
584 25.343930 26.042310 1050 1 300500 307690 1
586 25.385948 26.084310 1050 1 300500 308740 1
588 25.427939 26.126310 1050 1 300500 309790 1
590 25.469822 26.168310 1050 1 300500 310840 1
592 25.511885 26.210310 1050 1 300500 311890 1
594 25.553939 26.252310 1050 1 300500 312940 1
596 25.595849 26.294310 1050 1 300500 313990 1
599 25.637867 26.336310 1050 1 300500 315040 1
601 25.679876 26.378310 1050 1 300500 316090 1
603 25.721912 26.420310 1050 1 300500 317140 1
605 25.763813 26.462310 1050 1 300500 318190 1
607 25.805894 26.504310 1050 1 300500 319240 1
608 25.810694 26.546310 1050 1 301600 2140 2
609 25.810694 26.588310 1050 1 301600 3190 2
611 25.849462 26.630310 1050 1 301600 4240 2
612 25.849462 26.672310 1050 1 301600 5290 2
614 25.891440 26.714310 1050 1 300500 320290 1
616 25.933458 26.756310 1050 1 300500 321340 1
618 25.975485 26.798310 1050 1 300500 322390 1
620 26.017440 26.840310 1050 1 300500 323440 1
622 26.059476 26.882310 1050 1 300500 324490 1
624 26.101548 26.924310 1050 1 300500 325540 1
627 26.143485 26.966310 1050 1 300500 326590 1
629 26.185440 27.008310 1050 1 300500 327640 1
631 26.227440 27.050310 1050 1 300500 328690 1
633 26.269512 27.092310 1050 1 300500 329740 1
635 26.311422 27.134310 1050 1 300500 330790 1
637 26.353440 27.176310 1050 1 300500 331840 1
639 26.395539 27.218310 1050 1 300500 332890 1
641 26.437503 27.260310 1050 1 300500 333940 1
643 26.479539 27.302310 1050 1 300500 334990 1
645 26.521476 27.344310 1050 1 300500 336040 1
647 26.563503 27.386310 1050 1 300500 337090 1
649 26.605422 27.428310 1050 1 300500 338140 1
651 26.647512 27.470310 1050 1 300500 339190 1
653 26.689476 27.512310 1050 1 300500 340240 1
655 26.731453 27.554310 1050 1 301600 6340 2
656 26.731453 27.596310 1050 1 301600 7390 2
658 26.773561 27.638310 1050 1 301600 8440 2
659 26.773561 27.680310 1050 1 301600 9490 2
661 26.815534 27.722310 1050 1 301600 10540 2
662 26.815534 27.764310 1050 1 301600 11590 2
665 26.857543 27.806310 1050 1 301600 12640 2
666 26.857543 27.848310 1050 1 301600 13690 2
668 26.899539 27.890310 1050 1 300500 341290 1
670 26.941476 27.932310 1050 1 300500 342340 1
672 26.983458 27.974310 1050 1 300500 343390 1
674 27.025512 28.016310 1050 1 300500 344440 1
676 27.067440 28.058310 1050 1 300500 345490 1
678 27.109467 28.100310 1050 1 300500 346540 1
680 27.151485 28.142310 1050 1 300500 347590 1
682 27.193458 28.184310 1050 1 300500 348640 1
684 27.235548 28.226310 1050 1 300500 349690 1
686 27.277512 28.268310 1050 1 300500 350740 1
689 27.319476 28.310310 1050 1 300500 351790 1
691 27.361530 28.352310 1050 1 300500 352840 1
693 27.403512 28.394310 1050 1 300500 353890 1
695 27.445476 28.436310 1050 1 300500 354940 1
697 27.487449 28.478310 1050 1 300500 355990 1
699 27.529548 28.520310 1050 1 300500 357040 1
701 27.571485 28.562310 1050 1 300500 358090 1
703 27.613413 28.604310 1050 1 300500 359140 1
705 27.655449 28.646310 1050 1 300500 360190 1
707 27.697548 28.688310 1050 1 300500 361240 1
709 27.739489 28.730310 1050 1 301600 14740 2
710 27.739489 28.772310 1050 1 301600 15790 2
712 27.781579 28.814310 1050 1 301600 16840 2
713 27.781579 28.856310 1050 1 301600 17890 2
715 27.823570 28.898310 1050 1 301600 18940 2
716 27.823570 28.940310 1050 1 301600 19990 2
718 27.865453 28.982310 1050 1 301600 21040 2
719 27.865453 29.024310 1050 1 301600 22090 2
721 27.907480 29.066310 1050 1 301600 23140 2
722 27.907480 29.108310 1050 1 301600 24190 2
724 27.949489 29.150310 1050 1 301600 25240 2
725 27.949489 29.192310 1050 1 301600 26290 2
727 27.991462 29.234310 1050 1 301600 27340 2
728 27.991462 29.276310 1050 1 301600 28390 2
730 28.033525 29.318310 1050 1 301600 29440 2
731 28.033525 29.360310 1050 1 301600 30490 2
733 28.075467 29.402310 1050 1 300500 362290 1
735 28.117422 29.444310 1050 1 300500 363340 1
737 28.159503 29.486310 1050 1 300500 364390 1
739 28.201530 29.528310 1050 1 300500 365440 1
741 28.243485 29.570310 1050 1 300500 366490 1
743 28.285458 29.612310 1050 1 300500 367540 1
745 28.327431 29.654310 1050 1 300500 368590 1
747 28.369503 29.696310 1050 1 300500 369640 1
749 28.411476 29.738310 1050 1 300500 370690 1
751 28.453431 29.780310 1050 1 300500 371740 1
753 28.495467 29.822310 1050 1 300500 372790 1
755 28.537413 29.864310 1050 1 300500 373840 1
757 28.579530 29.906310 1050 1 300500 374890 1
759 28.621485 29.948310 1050 1 300500 375940 1
761 28.663485 29.990310 1050 1 300500 376990 1
763 28.705512 30.032310 1050 1 300500 378040 1
765 28.747548 30.074310 1050 1 300500 379090 1
767 28.789476 30.116310 1050 1 300500 380140 1
769 28.831548 30.158310 1050 1 300500 381190 1
771 28.873494 30.428310 1050 1 300500 382240 1
773 28.915525 30.638310 1050 1 301600 31540 2
774 28.915525 30.848310 1050 1 301600 32590 2
776 28.957579 31.058310 1050 1 301600 33640 2
777 28.957579 31.268310 1050 1 301600 34690 2
779 28.999588 31.478310 1050 1 301600 35740 2
780 28.999588 31.688310 1050 1 301600 36790 2
782 29.041570 31.898310 1050 1 301600 37840 2
783 29.041570 32.108310 1050 1 301600 38890 2
785 29.083561 32.318310 1050 1 301600 39940 2
787 29.125507 32.528310 1050 1 301600 40990 2
789 29.167570 32.738310 1050 1 301600 42040 2
791 29.209471 32.948310 1050 1 301600 43090 2
793 29.251588 33.158310 1050 1 301600 44140 2
795 29.293507 33.368310 1050 1 301600 45190 2
797 29.335453 33.578310 1050 1 301600 46240 2
799 29.377561 33.788310 1050 1 301600 47290 2
801 29.419453 33.998310 1050 1 301600 48340 2
803 29.461516 34.208310 1050 1 301600 49390 2
805 29.503489 34.418310 1050 1 301600 50440 2
807 29.545516 34.628310 1050 1 301600 51490 2
809 29.587449 34.838310 1050 1 300500 383290 1
811 29.629539 35.048310 1050 1 300500 384340 1
813 29.671548 35.258310 1050 1 300500 385390 1
815 29.713431 35.468310 1050 1 300500 386440 1
817 29.755503 35.678310 1050 1 300500 387490 1
819 29.797458 35.888310 1050 1 300500 388540 1
821 29.839476 36.098310 1050 1 300500 389590 1
823 29.881494 36.308310 1050 1 300500 390640 1
825 29.923521 36.518310 1050 1 300500 391690 1
827 29.965494 36.728310 1050 1 300500 392740 1
829 30.007494 36.938310 1050 1 300500 393790 1
831 30.049521 37.148310 1050 1 300500 394840 1
833 30.091440 37.358310 1050 1 300500 395890 1
835 30.133548 37.568310 1050 1 300500 396940 1
837 30.175476 37.778310 1050 1 300500 397990 1
838 30.278064 37.988310 1050 1 300500 399040 1
839 30.319956 38.198310 1050 1 300500 400090 1
840 30.362082 38.408310 1050 1 300500 401140 1
841 30.404028 38.618310 1050 1 300500 402190 1
844 30.674010 38.828310 1050 1 300500 403240 1
846 30.884023 39.038310 1050 1 301600 52540 2
848 31.094077 39.248310 1050 1 301600 53590 2
850 31.304059 39.458310 1050 1 301600 54640 2
852 31.514059 39.668310 1050 1 301600 55690 2
854 31.724041 39.878310 1050 1 301600 56740 2
856 31.934077 40.088310 1050 1 301600 57790 2
860 32.354086 40.240310 1050 1 301600 58840 2
862 32.564095 40.282310 1050 1 301600 59890 2
858 32.144023 40.298310 1050 1 301600 60940 2
864 32.767010 40.324310 1050 1 300500 404290 1
865 32.773996 40.366310 1050 1 301600 61990 2
867 32.984113 40.408310 1050 1 301600 63040 2
869 33.194095 40.450310 1050 1 301600 64090 2
871 33.403987 40.492310 1050 1 301600 65140 2
873 33.614059 40.534310 1050 1 301600 66190 2
875 33.824041 40.576310 1050 1 301600 67240 2
877 34.034104 40.618310 1050 1 301600 68290 2
879 34.244095 40.660310 1050 1 301600 69340 2
881 34.454068 40.702310 1050 1 301600 70390 2
883 34.664032 40.744310 1050 1 301600 71440 2
885 34.874041 40.786310 1050 1 301600 72490 2
887 35.084073 40.828310 1050 1 300500 405340 1
888 35.084073 40.870310 1050 1 300500 406390 1
890 35.294001 40.912310 1050 1 300500 407440 1
891 35.294001 40.954310 1050 1 300500 408490 1
893 35.504082 40.996310 1050 1 300500 409540 1
894 35.504082 41.038310 1050 1 300500 410590 1
896 35.713983 41.080310 1050 1 300500 411640 1
897 35.713983 41.122070 1050 1 300500 412690 1
899 35.923983 41.164070 1050 1 300500 413740 1
900 35.923983 41.206070 1050 1 300500 414790 1
902 36.133983 41.248070 1050 1 300500 415840 1
903 36.133983 41.290070 1050 1 300500 416890 1
905 36.344019 41.332070 1050 1 300500 417940 1
906 36.344019 41.374070 1050 1 300500 418990 1
908 36.554019 41.416070 1050 1 300500 420040 1
909 36.554019 41.458070 1050 1 300500 421090 1
911 36.763965 41.500070 1050 1 300500 422140 1
912 36.763965 41.542070 1050 1 300500 423190 1
914 36.974028 41.584070 1050 1 300500 424240 1
915 36.974028 41.626070 1050 1 300500 425290 1
917 37.184046 41.668070 1050 1 300500 426340 1
918 37.184046 41.710070 1050 1 300500 427390 1
920 37.394037 41.752070 1050 1 300500 428440 1
921 37.394037 41.794070 1050 1 300500 429490 1
923 37.604037 41.836070 1050 1 300500 430540 1
924 37.604037 41.878070 1050 1 300500 431590 1
926 37.814082 41.920070 1050 1 300500 432640 1
927 37.814082 41.962070 1050 1 300500 433690 1
929 38.023947 42.004070 1050 1 300500 434740 1
930 38.023947 42.046070 1050 1 300500 435790 1
932 38.233947 42.088070 1050 1 300500 436840 1
934 38.443965 42.130070 1050 1 300500 437890 1
936 38.654010 42.172070 1050 1 300500 438940 1
938 38.864055 42.214070 1050 1 300500 439990 1
940 39.073983 42.256070 1050 1 300500 441040 1
942 39.284122 42.298070 1050 1 301600 73540 2
944 39.494095 42.340070 1050 1 301600 74590 2
946 39.704032 42.382070 1050 1 301600 75640 2
948 39.914068 42.424070 1050 1 301600 76690 2
950 40.124122 42.466070 1050 1 301600 77740 2
951 40.231979 42.508070 1050 1 301600 78790 2
958 40.384361 42.550070 1050 1 301600 79840 2
960 40.426361 42.592070 1050 1 301600 80890 2
961 40.441853 42.634070 1050 1 301600 81940 2
964 40.509889 42.676070 1050 1 301600 82990 2
966 40.551871 42.718070 1050 1 301600 84040 2
968 40.593961 42.760070 1050 1 301600 85090 2
970 40.635988 42.802070 1050 1 301600 86140 2
972 40.677970 42.844070 1050 1 301600 87190 2
974 40.719988 42.886070 1050 1 301600 88240 2
976 40.761925 42.928070 1050 1 301600 89290 2
978 40.803862 42.970070 1050 1 301600 90340 2
980 40.845880 43.012070 1050 1 301600 91390 2
982 40.887952 43.054070 1050 1 301600 92440 2
984 40.929961 43.096070 1050 1 301600 93490 2
1007 41.769661 43.138070 1050 1 300500 442090 1
1009 41.811652 43.180070 1050 1 300500 443140 1
1011 41.853589 43.222070 1050 1 300500 444190 1
1013 41.895634 43.264070 1050 1 300500 445240 1
1015 41.937589 43.306070 1050 1 300500 446290 1
1017 41.979661 43.348070 1050 1 300500 447340 1
1019 42.021616 43.390070 1050 1 300500 448390 1
1021 42.063652 43.432070 1050 1 300500 449440 1
1023 42.105580 43.474070 1050 1 300500 450490 1
1025 42.147679 43.516070 1050 1 300500 451540 1
1027 42.189670 43.558070 1050 1 300500 452590 1
1029 42.231616 43.600070 1050 1 300500 453640 1
1031 42.273652 43.642070 1050 1 300500 454690 1
1033 42.315616 43.684070 1050 1 300500 455740 1
1035 42.357679 43.726070 1050 1 300500 456790 1
1037 42.399562 43.768070 1050 1 300500 457840 1
1039 42.441712 43.810070 1050 1 301600 94540 2
1041 42.483712 43.852070 1050 1 301600 95590 2
1043 42.525631 43.894070 1050 1 301600 96640 2
1045 42.567640 43.936070 1050 1 301600 97690 2
1047 42.609703 43.978070 1050 1 301600 98740 2
1049 42.651712 44.020070 1050 1 301600 99790 2
1051 42.693748 44.062070 1050 1 301600 100840 2
1053 42.735694 44.104070 1050 1 301600 101890 2
1055 42.777739 44.146070 1050 1 301600 102940 2
1057 42.819658 44.188070 1050 1 301600 103990 2
1059 42.861703 44.230070 1050 1 301600 105040 2
1061 42.903685 44.272070 1050 1 301600 106090 2
1063 42.945694 44.314070 1050 1 301600 107140 2
1065 42.987703 44.356070 1050 1 301600 108190 2
1067 43.029712 44.398070 1050 1 301600 109240 2
1069 43.071640 44.440070 1050 1 301600 110290 2
1071 43.113649 44.482070 1050 1 301600 111340 2
1073 43.155613 44.524070 1050 1 301600 112390 2
1075 43.197640 44.566070 1050 1 301600 113440 2
1077 43.239730 44.608070 1050 1 301600 114490 2
1079 43.281562 44.650070 1050 1 300500 458890 1
1081 43.323625 44.692070 1050 1 300500 459940 1
1083 43.365625 44.734070 1050 1 300500 460990 1
1085 43.407616 44.776070 1050 1 300500 462040 1
1087 43.449652 44.818070 1050 1 300500 463090 1
1088 43.449652 44.860070 1050 1 300500 464140 1
1090 43.491553 44.902070 1050 1 300500 465190 1
1092 43.533634 44.944070 1050 1 300500 466240 1
1094 43.575553 44.986070 1050 1 300500 467290 1
1096 43.617553 45.028070 1050 1 300500 468340 1
1098 43.659679 45.070070 1050 1 300500 469390 1
1100 43.701634 45.112070 1050 1 300500 470440 1
1102 43.743616 45.154070 1050 1 300500 471490 1
1104 43.785670 45.196070 1050 1 300500 472540 1
1106 43.827679 45.238070 1050 1 300500 473590 1
1108 43.869553 45.280070 1050 1 300500 474640 1
1110 43.911643 45.322070 1050 1 300500 475690 1
1112 43.953721 45.364070 1050 1 301600 115540 2
1114 43.995694 45.406070 1050 1 301600 116590 2
1116 44.037676 45.448070 1050 1 301600 117640 2
1118 44.079712 45.490070 1050 1 301600 118690 2
1120 44.121640 45.532070 1050 1 301600 119740 2
1122 44.163658 45.574070 1050 1 301600 120790 2
1124 44.205703 45.616070 1050 1 301600 121840 2
1126 44.247631 45.658070 1050 1 301600 122890 2
1128 44.289631 45.700070 1050 1 301600 123940 2
1130 44.331703 45.742070 1050 1 301600 124990 2
1132 44.373748 45.784070 1050 1 301600 126040 2
1134 44.415730 45.826070 1050 1 301600 127090 2
1136 44.457667 45.868070 1050 1 301600 128140 2
1138 44.499703 45.910070 1050 1 301600 129190 2
1140 44.541622 45.952070 1050 1 301600 130240 2
1142 44.583676 45.994070 1050 1 301600 131290 2
1144 44.625658 46.036070 1050 1 301600 132340 2
1146 44.667739 46.078070 1050 1 301600 133390 2
1148 44.709667 46.120070 1050 1 301600 134440 2
1150 44.751631 46.162070 1050 1 301600 135490 2
1152 44.793643 46.204070 1050 1 300500 476740 1
1154 44.835634 46.246070 1050 1 300500 477790 1
1156 44.877643 46.288070 1050 1 300500 478840 1
1158 44.919589 46.330070 1050 1 300500 479890 1
1160 44.961553 46.372070 1050 1 300500 480940 1
1162 45.003670 46.414070 1050 1 300500 481990 1
1164 45.045625 46.456070 1050 1 300500 483040 1
1166 45.087607 46.498070 1050 1 300500 484090 1
1168 45.129580 46.540070 1050 1 300500 485140 1
1170 45.171688 46.582070 1050 1 300500 486190 1
1172 45.213562 46.624070 1050 1 300500 487240 1
1174 45.255571 46.666070 1050 1 300500 488290 1
1176 45.297625 46.708070 1050 1 300500 489340 1
1178 45.339679 46.750070 1050 1 300500 490390 1
1180 45.381652 46.792070 1050 1 300500 491440 1
1181 45.381652 46.834070 1050 1 300500 492490 1
1183 45.423643 46.876070 1050 1 300500 493540 1
1185 45.465607 46.918070 1050 1 300500 494590 1
1187 45.507694 46.960070 1050 1 301600 136540 2
1189 45.549703 47.002070 1050 1 301600 137590 2
1191 45.591712 47.044070 1050 1 301600 138640 2
1193 45.633712 47.086070 1050 1 301600 139690 2
1195 45.675703 47.128070 1050 1 301600 140740 2
1197 45.717703 47.170070 1050 1 301600 141790 2
1199 45.759694 47.212070 1050 1 301600 142840 2
1201 45.801622 47.254070 1050 1 301600 143890 2
1203 45.843703 47.296070 1050 1 301600 144940 2
1205 45.885694 47.338070 1050 1 301600 145990 2
1207 45.927613 47.380070 1050 1 301600 147040 2
1209 45.969622 47.422070 1050 1 301600 148090 2
1211 46.011622 47.464070 1050 1 301600 149140 2
1213 46.053721 47.506070 1050 1 301600 150190 2
1215 46.095712 47.548070 1050 1 301600 151240 2
1217 46.137631 47.590070 1050 1 301600 152290 2
1219 46.179703 47.632070 1050 1 301600 153340 2
1221 46.221649 47.674070 1050 1 301600 154390 2
1223 46.263649 47.716070 1050 1 301600 155440 2
1225 46.305730 47.758070 1050 1 301600 156490 2
1227 46.347688 47.800070 1050 1 300500 495640 1
1229 46.389688 47.842070 1050 1 300500 496690 1
1231 46.431580 47.884070 1050 1 300500 497740 1
1233 46.473562 47.926070 1050 1 300500 498790 1
1235 46.515607 47.968070 1050 1 300500 499840 1
1237 46.557634 48.010070 1050 1 300500 500890 1
1239 46.599688 48.052070 1050 1 300500 501940 1
1241 46.641571 48.094070 1050 1 300500 502990 1
1243 46.683679 48.136070 1050 1 300500 504040 1
1245 46.725670 48.178070 1050 1 300500 505090 1
1247 46.767616 48.220070 1050 1 300500 506140 1
1249 46.809571 48.262070 1050 1 300500 507190 1
1251 46.851670 48.304070 1050 1 300500 508240 1
1253 46.893670 48.346070 1050 1 300500 509290 1
1255 46.935553 48.388070 1050 1 300500 510340 1
1257 46.977670 48.430070 1050 1 300500 511390 1
1259 47.019688 48.472070 1050 1 300500 512440 1
1261 47.061643 48.514070 1050 1 300500 513490 1
1263 47.103649 48.556070 1050 1 301600 157540 2
1265 47.145685 48.598070 1050 1 301600 158590 2
1267 47.187721 48.640070 1050 1 301600 159640 2
1269 47.229613 48.682070 1050 1 301600 160690 2
1271 47.271631 48.724070 1050 1 301600 161740 2
1273 47.313748 48.766070 1050 1 301600 162790 2
1275 47.355739 48.808070 1050 1 301600 163840 2
1277 47.397676 48.850070 1050 1 301600 164890 2
1279 47.439649 48.892070 1050 1 301600 165940 2
1281 47.481703 48.934070 1050 1 301600 166990 2
1283 47.523712 48.976070 1050 1 301600 168040 2
1285 47.565712 49.018070 1050 1 301600 169090 2
1287 47.607676 49.060070 1050 1 301600 170140 2
1289 47.649667 49.102070 1050 1 301600 171190 2
1291 47.691613 49.144070 1050 1 301600 172240 2
1293 47.733739 49.186070 1050 1 301600 173290 2
1295 47.775667 49.228070 1050 1 301600 174340 2
1297 47.817640 49.270070 1050 1 301600 175390 2
1299 47.859685 49.312070 1050 1 301600 176440 2
1301 47.901676 49.354070 1050 1 301600 177490 2
1303 47.943553 49.396070 1050 1 300500 514540 1
1305 47.985589 49.438070 1050 1 300500 515590 1
1307 48.027580 49.480070 1050 1 300500 516640 1
1309 48.069634 49.522070 1050 1 300500 517690 1
1311 48.111661 49.564070 1050 1 300500 518740 1
1313 48.153589 49.606070 1050 1 300500 519790 1
1314 48.153589 49.648070 1050 1 300500 520840 1
1316 48.195589 49.690070 1050 1 300500 521890 1
1318 48.237670 49.732070 1050 1 300500 522940 1
1320 48.279553 49.774070 1050 1 300500 523990 1
1322 48.321571 49.816070 1050 1 300500 525040 1
1324 48.363670 49.858070 1050 1 300500 526090 1
1326 48.405643 49.900070 1050 1 300500 527140 1
1328 48.447661 49.942070 1050 1 300500 528190 1
1330 48.489625 49.984070 1050 1 300500 529240 1
