1576 0.00050005
1778 0.00150015
1980 0.00290029
2182 0.00610061
2384 0.00960096
2586 0.0161016
2788 0.0314031
2990 0.0670067
3192 0.116312
3394 0.157116
3596 0.186319
3798 0.221222
4000 0.266327
4202 0.316832
4404 0.358136
4606 0.39534
4808 0.429743
5010 0.461846
5212 0.49685
5414 0.532053
5616 0.572557
5818 0.614861
6020 0.647865
6222 0.677668
6424 0.705771
6626 0.728773
6828 0.749475
7030 0.770677
7232 0.792679
7434 0.814081
7636 0.832183
7838 0.850085
8040 0.867787
8242 0.882888
8444 0.89579
8646 0.907991
8848 0.919292
9050 0.928393
9252 0.935493
9454 0.941494
9656 0.946695
9858 0.951395
10060 0.955195
10262 0.958696
10464 0.962496
10666 0.965596
10868 0.967797
11070 0.970297
11272 0.973097
11474 0.976598
11676 0.978298
11878 0.980398
12080 0.983398
12282 0.985098
12484 0.986599
12686 0.986899
12888 0.987999
13090 0.988599
13292 0.989799
13494 0.989999
13696 0.990399
13898 0.990599
14100 0.991299
14302 0.991999
14504 0.992799
14706 0.993799
14908 0.994399
15110 0.995299
15312 0.996099
15514 0.9966
15716 0.9975
15918 0.9985
16120 0.9987
16322 0.9993
16524 0.9994
16726 0.9996
17130 0.9997
17534 0.9998
20766 0.9999
21574 1
