-0.5 0.000524242
-0.495 0.00143923
-0.485 0.00143923
-0.165 0.00144905
-0.155 0.00147469
-0.145 0.00150033
-0.135 0.00152597
-0.125 0.00155303
-0.115 0.00157606
-0.105 0.00159051
-0.095 0.00159051
-0.075 0.00161377
-0.065 0.0016218
-0.055 0.0016218
-0.025 0.50041
-0.015 0.50041
0.015 0.999211
0.025 0.999211
0.045 0.999219
0.055 0.999227
0.065 0.99925
0.075 0.99925
0.095 0.999265
0.105 0.999288
0.115 0.99932
0.125 0.999346
0.135 0.999371
0.145 0.999397
0.155 0.999416
0.165 0.999416
0.485 0.999476
0.495 1
