8152 0.00879297
8516.0 0.0103917
8880.16 0.0175859
9244.24 0.0359712
9608.32 0.0455636
9972.4 0.0599521
10336.5 0.0855316
10700.6 0.0991207
11064.6 0.117506
11428.7 0.130296
11792.8 0.140687
12156.9 0.144684
12521 0.154277
12885 0.165468
13249.1 0.179057
13613.2 0.195843
13977.3 0.219824
14341.4 0.2502
14705.4 0.290967
15069.5 0.311751
15433.6 0.326938
15797.7 0.462829
16161.8 0.47482
16525.8 0.490807
16889.9 0.519584
17254 0.557953
17618.1 0.578737
17982.2 0.603517
18346.2 0.628297
18710.3 0.645883
19074.4 0.655475
19438.5 0.665867
19802.6 0.679456
20166.6 0.721023
20530.7 0.801758
20894.8 0.838529
21258.9 0.844924
21623 0.854516
21987 0.872102
22351.1 0.888889
22715.2 0.898481
23079.3 0.905675
23443.4 0.910471
23807.4 0.915267
24171.5 0.916866
24535.6 0.920863
24899.7 0.92406
25263.8 0.928057
25627.8 0.933653
25991.9 0.935251
26356 0.936051
26720.1 0.93685
27084.2 0.93765
28176.4 0.938449
28540.5 0.939248
28904.6 0.940048
29268.6 0.941646
29632.7 0.944844
31453.1 0.945643
31817.2 0.946442
32181.3 0.948041
32545.4 0.94964
32909.4 0.950439
33637.6 0.956035
34001.7 0.960032
34365.8 0.964828
34729.8 0.965627
35093.9 0.968825
35458 0.972821
35822.1 0.979216
36186.2 0.981614
36550.2 0.983213
36914.3 0.984012
37278.4 0.984812
37642.5 0.98641
39098.8 0.98721
39462.9 0.988009
39827 0.989608
40191 0.990407
40919.2 0.991207
41283.3 0.992006
42011.4 0.992805
42375.5 0.995203
42739.6 0.996802
43103.7 0.998401
43467.8 0.9992
44195.9 1
