1784 0.0008
2141.04 0.004
2498.08 0.0096
2855.12 0.0554667
3212.16 0.146667
3569.2 0.2088
3926.24 0.2608
4283.28 0.312533
4640.32 0.369867
4997.36 0.433067
5354.4 0.494933
5711.44 0.547733
6068.48 0.593067
6425.52 0.622133
6782.56 0.654667
7139.6 0.679733
7496.64 0.703733
7853.68 0.726133
8210.72 0.743733
8567.76 0.762133
8924.8 0.784
9281.84 0.8032
9638.88 0.817333
9995.92 0.832
10353 0.844533
10710 0.8576
11067 0.8744
11424.1 0.883733
11781.1 0.893067
12138.2 0.902133
12495.2 0.910667
12852.2 0.916
13209.3 0.921067
13566.3 0.928
13923.4 0.9336
14280.4 0.937867
14637.4 0.941333
14994.5 0.9448
15351.5 0.9488
15708.6 0.9504
16065.6 0.9536
16422.6 0.9568
16779.7 0.958667
17136.7 0.961867
17493.8 0.964
17850.8 0.967733
18207.8 0.9712
18564.9 0.973867
18921.9 0.974933
19279 0.976
19636 0.976533
19993 0.977867
20350.1 0.979733
20707.1 0.981333
21064.2 0.983467
21421.2 0.985333
21778.2 0.986933
22135.3 0.988533
22492.3 0.989867
22849.4 0.9904
23206.4 0.991467
23563.4 0.992
23920.5 0.993067
24277.5 0.993333
24634.6 0.994133
24991.6 0.994667
25705.7 0.994933
26062.7 0.995733
26776.8 0.996267
27847.9 0.996533
28205 0.997067
29276.1 0.9976
29633.1 0.997867
29990.2 0.9984
33203.5 0.998667
34274.6 0.998933
35702.8 0.9992
36416.9 0.999733
37131 1
